16.941 74
19.657 81
16.73 79
19.857 86
18.388 82
2.157 74
17.311 74
18.991 74
17.619 84
18.987 83
16.712 52
0.372 74
17.881 79
17.987 80
3.315 76
19.157 84
16.641 84
17.098 83
18.515 95
17.774 83
1.97 76
17.551 85
20.274 95
18.924 83
19.227 85
23.871 91
1.897 83
20.96 83
29.103 92
3.47 81
27.789 84
2.148 83
32.147 84
2.02 83
2.69 47
37.865 74
3.284 72
1.986 74
40.266 73
1.812 73
1.982 73
36.7 74
2.162 72
1.755 74
36.283 72
2.637 73
37.857 51
0.374 74
2.324 75
1.831 73
36.557 74
3.231 73
1.758 75
36.141 74
2.015 75
37.595 84
2.62 84
2.079 74
35.671 84
2.153 82
2.788 73
30.636 83
3.387 83
29.368 83
1.988 95
22.407 82
24.253 85
3.329 83
24.434 85
2.434 92
22.729 83
25.541 83
4.413 89
22.601 77
23.1 84
2.224 83
24.296 84
24.095 86
2.682 77
24.263 51
0.358 77
1.971 77
22.227 78
21.082 83
22.912 83
18.049 87
1.822 82
17.097 76
19.069 79
18.971 84
18.332 78
18.064 77
19.484 76
17.812 76
17.833 76
16.441 76
16.58 75
2.35 75
15.422 75
15.304 75
16.674 75
15.108 76
15.649 76
16.78 77
17.087 81
16.23 85
14.812 79
17.934 81
15.886 80
15.703 86
16.338 88
15.593 77
19.486 83
16.269 51
0.389 88
15.827 80
16.82 86
15.035 81
18.703 85
16.706 91
15.563 83
16.652 72
16.966 81
16.122 81
16.596 79
17.031 81
15.176 78
16.082 78
18.136 77
16.564 81
15.638 86
16.83 77
15.436 82
18.549 86
16.737 79
15.667 78
16.511 81
16.656 75
17.251 78
16.914 78
18.314 78
16.647 81
17.432 79
17.284 75
15.894 75
15.89 52
0.361 75
18.745 80
1.772 79
16.249 75
17.72 74
16.949 75
15.878 79
16.732 80
16.183 74
19.584 74
15.426 74
15.767 74
18.382 77
2.426 78
22.246 78
21.95 79
2.103 78
25.406 84
28.326 78
2.135 75
28.511 80
2.02 81
37.839 78
2.716 78
1.549 71
38 80
1.583 80
1.759 72
35.589 77
2.934 83
39.736 83
2.318 79
1.779 74
37.568 52
0.356 73
3.186 73
37.621 74
2.343 72
2.664 74
38.082 72
3.472 74
38.125 78
2.39 78
1.899 73
40.474 72
3.437 72
36.584 79
2.03 78
2.085 73
40.34 78
4.196 82
2.429 77
37.171 78
2.322 77
1.677 74
36.478 78
1.884 79
39.894 78
2.111 78
1.696 73
1.778 73
34.944 77
2.177 77
36.899 71
2.384 72
4.043 80
35.37 51
0.54 85
1.625 77
36.254 79
2.269 78
2.67 84
36.014 93
1.73 83
1.785 74
35.726 78
3.609 86
34.257 87
1.775 77
37.698 79
2.43 78
1.528 73
35.724 73
1.655 73
1.712 73
34.44 71
2.926 75
38.149 76
1.779 71
1.718 72
36.431 79
3.073 78
35.198 72
1.556 72
41.679 80
3.441 81
2.345 72
38.809 82
1.99 81
1.878 71
39.335 81
3.769 82
2.04 72
37.031 51
0.392 74
2.114 73
2.142 74
38.046 77
4.286 77
36.085 77
2.3 77
38.342 81
5.22 90
2.12 81
36.935 82
2.157 81
2.01 73
39.453 81
5.125 81
38.251 76
2.138 77
2.022 76
40.517 82
6.369 77
39.253 72
2.649 72
2.819 72
2.258 71
36.555 72
2.035 72
39.134 80
2.954 81
3.074 75
37.245 51
0.402 85
2.332 86
1.955 74
44.297 85
5.029 84
2.708 77
37.213 85
2.932 95
2.633 84
42.683 89
3.728 87
37.051 87
2.747 86
3.005 75
38.412 83
3.785 83
37.673 74
2.804 74
2.661 74
38.177 77
4.048 76
2.566 76
34.465 80
2.584 80
38.633 85
4.165 85
2.491 74
35.743 85
3.436 83
37.854 80
3.83 78
2.715 75
37.499 51
0.531 84
2.618 85
36.888 77
4.5 83
2.572 77
36.403 79
2.427 78
36.329 83
2.994 83
2.46 76
37.081 80
3.618 80
2.232 73
35.868 83
2.473 81
37.71 73
2.61 73
2.771 74
35.384 73
3.75 74
2.691 72
35.829 77
3.117 86
3.915 82
34.781 82
2.928 82
35.341 76
2.963 78
3.434 72
37.336 73
2.719 72
2.635 72
35.975 72
3.361 73
35.899 51
0.362 71
2.812 72
3.69 81
36.899 92
3.258 81
36.27 80
2.764 81
2.645 74
34.001 71
3.28 72
37.152 79
3.366 78
2.605 72
36.55 73
3.135 73
37.327 74
2.737 73
2.687 74
36.783 72
3.232 73
35.759 73
2.747 74
3.134 72
39.668 74
3.171 73
3.05 73
38.123 73
2.97 73
38.638 72
3.095 72
5.388 72
36.311 51
0.466 83
2.896 82
3.921 73
37.94 81
3.473 83
3.229 81
37.845 86
1.459 78
37.987 84
1.957 82
1.261 73
35.462 73
1.255 73
39.511 72
2.074 72
1.474 72
35.263 74
1.541 73
36.854 72
1.88 71
38.536 72
1.561 72
1.227 72
35.316 72
2.025 73
38.821 72
1.206 73
34.903 72
2.537 72
1.314 72
34.01 72
1.37 72
37.015 51
0.802 73
1.635 72
1.116 73
33.986 77
1.362 78
37.207 71
1.599 71
1.157 71
41.752 71
1.177 70
33.92 72
1.783 72
1.168 72
34.824 72
1.392 72
36.292 72
1.721 72
1.272 72
35.671 73
1.132 72
35.65 73
1.704 72
1.288 72
35.963 72
1.42 72
35.439 71
1.345 72
34.616 71
1.903 72
38.04 71
1.183 71
1.303 71
33.97 51
0.377 72
2.007 71
33.456 73
1.304 72
35.471 72
1.655 72
33.925 72
1.343 72
35.778 72
1.625 71
1.359 72
34.682 72
1.28 72
33.776 72
1.662 72
1.196 72
34.599 72
1.476 71
34.327 74
1.704 72
33.993 74
1.284 73
1.374 73
32.379 73
1.359 73
34.635 72
2.01 73
33.703 72
1.269 73
33.677 73
2.06 73
33.041 52
0.36 73
1.457 74
32.64 72
1.81 72
1.532 72
32.805 73
1.605 73
31.501 73
1.988 72
33.308 73
2.128 72
34.334 75
1.541 73
37.906 72
3.744 72
37.384 72
1.285 72
1.047 72
33.525 72
3.984 73
33.626 72
1.545 73
33.737 72
1.974 72
1.231 72
33.236 72
1.333 71
35.516 73
1.685 72
1.363 73
32.481 72
1.284 72
34.044 72
1.739 72
31.743 51
0.355 71
1.396 73
1.342 72
32.869 73
1.747 72
34.499 72
2.646 72
31.882 73
1.187 71
34.325 72
2.446 71
32.291 77
1.311 75
34.627 81
1.685 81
1.398 72
33.037 80
1.581 81
31.897 81
1.291 83
31.579 82
2.777 83
31.162 72
1.342 73
31.294 72
2.367 73
31.874 83
1.488 92
32.085 90
1.799 81
29.307 81
1.368 82
25.1 51
0.363 80
1.479 81
21.727 82
22.842 93
1.456 80
22.497 77
22.966 78
1.55 75
25.366 73
27.491 74
1.464 74
23.55 74
23.8 74
2.258 74
24.221 74
22.75 74
1.396 74
25.389 74
25.04 72
1.198 74
26.209 73
2.03 77
23.984 78
24.896 79
1.249 77
24.902 84
27.453 91
1.959 91
28.4 86
1.323 78
24.82 79
1.521 78
24.491 51
0.373 73
2.222 75
26.707 74
25.101 77
1.411 76
24.197 75
24.948 75
1.413 75
26.988 74
1.471 75
23.5 75
25.406 76
1.23 75
24.684 76
23.549 75
1.999 75
25.08 74
1.332 75
21.605 74
24.203 84
1.83 82
21.753 77
24.115 86
1.431 83
22.463 83
22.886 92
2.266 82
21.297 84
19.876 91
22.198 92
1.928 82
19.17 73
18.406 76
1.508 77
17.783 51
0.561 82
18.508 87
19.672 78
1.77 47
19.023 74
17.688 74
20.403 75
1.936 74
17.877 75
18.129 74
21.79 75
1.38 74
17.931 74
18.706 73
20.396 73
18.909 72
19.436 83
21.768 82
2.267 74
19.283 82
18.955 92
19.638 91
19.944 83
2.448 81
20.152 81
18.885 83
22.18 92
1.646 81
20.977 83
21.32 87
1.422 78
22.546 73
20.956 74
22.31 51
0.53 73
1.242 74
20.676 79
20.402 84
21.608 83
2.377 79
19.79 73
18.916 78
20.018 78
1.197 75
19.131 78
20.91 79
21.002 74
20.718 74
1.651 74
20.037 80
20.593 80
21.032 81
1.455 80
20.461 74
22.95 79
21.816 84
1.513 79
22.621 74
23.092 74
2.197 74
25.513 74
25.439 74
1.924 74
25.007 75
2.226 74
24.886 78
23.833 51
0.41 77
1.311 75
25.76 78
27.711 85
1.295 80
24.878 81
1.187 79
29.942 80
26.242 84
1.469 79
25.158 84
1.336 83
25.342 80
29.665 85
2.237 89
27.812 93
1.62 83
1.89 75
28.688 80
1.657 80
29.302 78
30.006 83
2.23 77
1.833 75
30.683 79
1.68 79
31.702 77
2.374 77
29.722 80
1.908 78
32.72 78
1.948 78
32.891 52
0.359 83
3.258 86
32.352 80
1.746 80
1.961 75
37.97 84
3.237 84
41.36 86
2.062 84
2.002 86
46.603 95
3.025 85
2.023 84
46.997 88
1.691 79
1.947 76
1.932 75
44.257 87
4.738 86
1.81 73
36.081 79
2.43 78
36.487 78
1.371 78
1.548 73
35.678 83
2.438 81
34.294 73
1.556 73
36.323 73
2.045 72
1.524 73
33.628 52
0.353 74
1.534 75
39.771 73
2.063 73
1.258 73
36.663 74
1.326 72
1.492 74
36.93 84
2.473 84
39.703 83
1.723 83
1.562 83
37.117 92
3.047 82
41.097 86
1.5 84
1.305 75
48.757 83
2.324 83
1.21 74
50.269 75
2.474 74
1.528 74
1.638 74
34.778 74
1.822 74
29.354 74
1.624 74
26.708 75
6.069 73
26.406 75
1.518 74
28.053 74
27.253 51
0.368 74
1.837 74
28.203 74
1.737 74
27.667 73
2.691 74
26.112 74
25.913 74
1.5 74
28.522 72
2.656 72
26.358 72
24.99 72
1.893 73
26.939 73
2.702 74
26.836 74
25.444 74
1.749 74
26.322 74
2.785 72
25.667 74
28.567 74
1.689 74
1.774 74
24.681 74
26.417 74
1.751 74
25.169 72
2.553 73
28.852 72
2.112 74
25.748 51
0.524 72
1.647 72
26.173 74
28.639 74
1.599 73
27.501 74
1.632 74
28.475 76
27.064 75
1.837 75
26.544 75
4.801 75
26.104 75
3.259 76
25.733 75
24.914 76
1.656 75
29.308 74
3.141 74
24.414 75
25.766 80
2.763 86
1.798 78
30.694 84
1.872 82
37.449 84
1.959 84
41.614 84
2.869 81
1.691 75
39.269 84
2.007 84
1.539 76
34.955 51
0.58 84
1.686 83
30.479 84
1.568 81
28.277 86
2.924 83
26.193 75
1.762 74
27.427 73
2.29 73
25.62 74
1.857 73
26.499 74
1.631 72
28.036 78
28.718 86
1.719 82
27.824 83
1.69 83
28.104 82
3.125 91
30.54 91
1.74 82
32.026 80
3.369 81
32.289 81
1.713 80
35.038 82
1.974 83
1.82 72
32.715 84
3.427 81
33.852 51
0.363 82
1.804 82
34.136 74
2.862 73
35.564 74
2.085 74
35.936 74
2.453 74
1.763 74
34.703 74
1.969 79
2.534 78
35.518 83
2.799 80
35.337 78
2.176 81
36.3 79
2.245 73
1.642 74
35.367 77
1.96 82
35.878 77
2.399 74
1.637 73
34.755 73
1.798 73
35.973 74
2.321 73
1.818 75
34.554 74
1.832 75
35.511 73
2.286 73
1.612 73
34.386 51
0.44 73
1.998 72
2.436 73
32.896 73
2.779 74
33.654 73
1.911 73
33.288 73
1.838 74
33.589 73
3.301 74
34.386 73
1.787 74
1.775 73
34.099 74
3.301 74
35.305 74
1.721 73
33.793 73
2.879 73
33.673 73
1.841 73
33.822 74
2.405 74
1.566 74
35.2 73
1.825 74
35.172 72
2.353 74
1.772 73
34.12 51
0.357 73
1.679 73
42.507 74
2.619 73
1.768 74
35.39 74
1.865 74
2.467 74
34.854 72
2.897 72
37.661 72
1.806 71
1.636 72
35.394 74
2.898 75
35.165 74
1.785 74
1.69 74
39.107 74
2.766 73
34.031 74
1.644 74
2.013 74
36.222 74
2.765 74
36.188 74
2.336 74
35.927 72
2.317 74
1.585 72
35.026 74
1.778 74
36.721 74
2.511 74
1.603 75
33.89 51
0.395 73
1.876 74
1.582 74
36.586 74
2.899 74
33.406 74
1.698 74
33.945 74
1.839 73
36.183 74
3.463 73
1.571 74
34.53 73
1.893 73
34.235 73
3.306 73
35.01 72
1.914 73
34.188 74
2.803 74
32.64 74
1.828 74
1.538 74
38.715 74
2.828 73
33.764 74
1.779 73
34.022 74
2.242 74
1.588 74
37.339 51
0.371 74
2.146 74
35.093 72
2.581 73
1.787 73
35.564 73
1.893 73
1.7 73
37.881 74
2.923 74
34.585 73
2.034 74
35.733 72
2.326 73
1.707 72
38.539 72
1.898 72
1.572 72
34.576 73
2.988 74
37.782 74
1.671 74
35.69 73
2.459 73
2.577 73
33.97 73
1.742 72
38.222 75
2.399 74
1.881 75
34.056 74
1.853 74
1.669 74
34.842 74
2.868 73
35.999 51
0.361 74
1.677 73
33.081 74
1.943 73
35.165 74
3.303 74
33.615 74
1.662 73
1.83 74
35.04 72
3.379 74
33.446 73
1.994 73
33.082 74
2.857 74
35.515 73
1.784 74
1.709 74
33.018 74
2.988 74
34.771 74
2.041 74
33.872 84
3.171 82
33.122 83
1.819 81
1.71 73
37.454 81
2.587 81
36.445 83
1.939 82
1.79 72
37.488 51
0.848 84
2.4 82
1.721 72
38.062 72
1.837 72
36.761 72
2.467 72
1.884 72
38.226 73
1.964 72
1.808 73
37.742 72
2.796 72
37.554 72
2 72
1.805 71
38.108 71
2.795 71
38.098 71
1.969 71
1.851 71
36.542 72
3.034 72
37.732 71
1.708 73
1.833 72
36.532 72
2.907 72
34.621 72
1.625 72
37.115 73
2.432 72
1.916 73
34.916 51
0.372 72
1.793 73
36.297 71
2.419 71
1.944 71
35.183 72
1.937 71
36.9 74
2.497 72
1.639 73
35.621 72
1.767 72
36.826 72
2.518 72
1.742 71
35.022 72
1.83 72
1.584 72
37.914 72
3.098 72
35.941 72
2.264 73
1.712 72
36.151 72
2.743 71
37.692 72
2.834 72
37.557 72
2.404 72
1.729 73
37.518 52
0.405 72
1.901 73
1.56 72
39.119 72
2.766 72
38.974 72
1.685 72
1.815 72
38.952 72
2.77 73
37.831 72
1.774 73
1.551 72
39.894 72
2.989 72
1.792 72
37.456 71
1.842 72
41.376 74
3.004 74
1.836 74
36.152 74
1.888 74
37.381 78
2.962 76
1.771 75
38.176 74
1.796 75
34.779 75
2.906 75
35.757 75
1.59 75
1.834 74
37.751 51
0.378 85
2.875 83
34.026 83
2.246 81
38.365 82
2.439 81
1.781 74
31.315 82
1.791 83
29.892 80
2.556 91
25.361 81
2.109 82
28.655 91
1.734 82
26.829 81
2.822 81
2.369 47
25.336 73
28.431 78
1.866 77
27.823 82
3.019 81
25.963 77
1.751 75
27.919 81
2.704 80
29.722 82
1.636 81
33.119 81
1.581 81
29.246 82
2.886 82
33.49 52
0.369 82
1.731 81
30.92 82
2.277 81
31.587 82
1.676 81
36.078 82
1.969 81
1.577 73
33.315 81
1.777 83
34.286 72
1.859 72
1.965 72
32.526 78
36.378 86
1.599 83
1.849 73
33.616 83
3.581 83
31.614 81
3.922 81
33.267 82
2.418 79
1.746 81
28.508 88
1.746 82
29.868 80
2.197 81
30.832 76
1.699 76
28.424 71
1.57 72
29.034 52
0.357 73
2.938 73
31.763 73
1.701 73
29.222 73
2.528 73
29.09 72
1.61 74
29.064 75
1.914 75
29.752 74
2.959 74
28.363 74
1.664 75
31.788 73
2.512 74
28.45 74
1.762 74
29.548 74
1.578 74
29.361 74
2.844 75
29.567 74
2.024 75
27.95 76
31.199 77
3.512 76
29.4 77
1.828 81
30.2 82
2.321 77
1.609 74
29.632 52
0.359 74
1.821 74
30.508 72
2.094 72
29.318 76
2.681 80
30.003 80
1.645 77
29.752 80
2.754 80
29.387 80
1.746 79
29.882 80
2.263 79
29.44 79
1.736 79
28.679 85
1.657 86
29.477 81
2.772 80
28.125 81
1.871 81
26.834 80
27.682 79
2.675 74
26.796 75
1.638 75
25.553 75
2.439 75
26.972 76
27.759 74
1.631 75
27.722 74
2.079 74
25.607 52
0.367 75
1.705 75
25.847 75
26.842 81
2.072 79
25.027 76
1.767 75
26.359 76
1.727 75
24.583 75
28.217 75
1.76 75
25.321 78
1.733 80
24.692 84
23.649 93
1.509 83
21.539 83
24.992 92
2.561 83
24.995 85
1.87 84
25.451 85
29.26 95
2.268 83
24.326 74
1.813 74
25.035 74
1.75 73
25.247 74
25.977 73
1.77 74
21.218 51
0.386 77
22.006 82
1.903 78
22.581 75
23.809 79
1.856 80
23.908 80
22.503 89
23.344 92
1.796 83
21.909 74
24.685 84
2.327 83
21.373 84
1.987 82
22.235 83
21.183 92
22.334 93
2.838 83
24.969 84
23.104 81
1.66 76
23.152 75
23.413 76
1.669 76
25.615 76
1.938 76
22.402 76
21.445 75
21.254 76
1.826 75
19.447 80
22.788 79
20.334 51
0.381 75
1.746 75
18.802 75
19.275 75
20.469 75
20.085 79
21.865 89
1.682 82
22.101 82
19.468 81
1.805 74
19.521 84
19.808 92
21.926 86
2.375 79
18.296 73
20.33 73
19.345 73
20.392 79
2.535 77
21.851 83
19.444 86
1.917 79
19.875 75
20.309 79
19.94 84
21.076 89
1.757 82
17.013 74
16.43 78
16.228 88
15.822 82
16.398 52
0.378 86
15.786 91
18.712 77
17.088 77
15.686 82
15.337 75
15.854 74
16.715 74
19.033 74
15.257 74
15.04 74
15.984 73
14.757 73
15.649 73
16.081 73
15.617 73
16.584 73
18.567 74
15.651 74
16.581 73
15.637 75
16.543 74
18.594 74
15.677 74
17.581 74
14.632 74
15.683 74
14.563 73
15.814 74
16.435 74
15.764 74
15.478 74
16.576 51
2.928 78
16.618 87
15.631 84
15.661 82
14.608 84
14.679 74
15.809 75
15.4 75
16.596 75
15.79 75
18.634 75
15.374 74
15.633 75
16.604 75
15.392 76
14.246 75
16.926 75
14.017 77
16.558 77
15.64 74
17.588 75
16.538 72
15.624 73
16.659 72
16.206 73
13.095 73
15.663 73
14.604 72
15.618 73
22.846 82
21.77 91
1.298 80
23.011 52
0.473 81
24.308 90
1.266 82
23.593 73
23.291 78
1.2 77
23.352 79
23.963 81
1.469 76
23.253 76
21.928 81
1.278 76
21.806 77
24.02 82
2.018 78
21.348 77
21.174 87
22.471 81
1.691 72
21.843 75
1.083 77
22.329 81
23.475 92
1.606 82
22.948 83
24.899 91
1.074 82
23.004 82
23.525 89
1.699 80
23.632 83
24.712 90
1.144 82
27.693 51
0.575 83
1.694 84
25.764 83
24.16 92
1.303 82
24.695 74
23.244 73
1.382 73
22.828 73
22.945 75
1.561 74
21.783 74
1.132 74
23.415 74
21.899 74
1.333 74
24.037 73
28.973 74
1.595 73
23.978 74
25.547 74
2.552 75
22.882 74
24.145 74
1.927 74
23.885 74
25.435 73
1.657 74
25.251 74
1.523 74
23.021 74
24.088 74
5.013 74
21.909 51
0.356 74
22.798 73
2.868 74
23.433 73
1.562 74
23.372 77
23.842 84
2.331 78
24.705 84
1.656 83
23.582 79
23.634 78
1.803 75
22.126 74
27.438 74
23.214 74
1.834 74
23.835 74
23.791 75
1.641 74
21.541 75
25.776 74
2.208 74
22.53 74
1.629 74
22.881 73
23.962 75
2.271 74
25.43 75
1.753 74
24.344 74
23.623 74
2.217 74
22.707 51
0.367 83
3.649 84
25.959 84
1.688 85
22.982 83
23.991 92
1.509 83
23.267 85
22.109 95
4.813 84
20.337 80
17.493 89
15.787 80
17.479 79
24.364 89
2.786 81
27.43 82
24.675 94
1.787 80
26.55 85
2.836 83
27.348 82
30.847 91
1.883 83
30.057 83
2.783 83
29.212 73
1.785 74
32.129 72
2.158 72
1.628 72
30.019 51
0.396 78
1.76 76
28.982 83
1.665 89
33.208 92
3.107 82
28.279 84
1.565 83
28.413 83
28.688 90
1.628 82
28.926 83
2.635 87
25.852 78
2.919 74
25.535 73
1.754 73
28.059 79
2.571 81
28.831 73
1.659 74
26.763 74
26.403 76
2.348 76
27.09 86
3.907 83
25.65 85
1.789 83
28.332 86
2.74 84
25.495 75
1.713 75
29.035 75
1.605 74
26.677 51
0.388 76
27.262 75
2.449 76
24.176 75
1.54 75
27.709 74
27.836 74
1.905 73
25.169 76
2.444 75
25.67 81
1.498 79
25.579 75
26.152 75
2.179 75
24.565 75
1.476 75
23.775 75
26.435 86
2.213 83
24.197 83
1.917 83
28.178 85
1.844 93
31.53 93
2.897 83
31.852 85
1.536 83
30.696 79
2.298 78
30.795 81
3.482 78
30.513 51
0.361 76
1.809 75
30.37 75
3.328 75
27.518 75
1.817 75
24.565 74
1.55 73
23.251 75
26.54 80
1.597 80
22.879 75
21.4 73
2.318 73
20.437 80
15.857 86
15.227 83
17.606 84
20.973 94
19.643 82
1.666 74
25.252 86
21.08 94
21.194 83
1.544 76
21.83 75
20.172 85
1.374 84
26.751 84
31.222 95
1.441 86
28.82 84
3.004 84
28.275 51
0.389 82
1.487 82
30.473 84
1.933 84
32.49 79
2.391 79
32.927 74
1.506 75
32.539 84
2.015 84
1.207 74
34.175 84
1.252 84
31.862 81
1.94 79
1.536 74
35.797 78
2.058 79
31.3 78
1.536 78
32.244 82
2.874 82
31.962 71
1.509 72
31.62 72
2.224 73
31.259 72
1.452 72
31.567 72
1.724 73
1.407 72
31.732 83
1.294 81
30.171 51
0.368 74
1.366 73
31.318 79
2.756 78
29.305 84
1.509 82
30.334 73
3.02 72
31.221 73
1.358 72
29.314 72
1.542 72
30.087 74
31.871 72
1.427 74
32.243 72
1.724 73
1.443 73
30.556 78
1.445 77
29.557 84
1.407 82
32.636 78
2.662 76
29.735 75
1.325 74
32.671 73
2.346 73
2.06 47
32.709 84
1.356 81
31.586 81
1.936 77
31.725 51
0.371 75
1.314 74
38.406 75
1.392 74
1.587 75
1.371 74
33.291 75
1.487 74
33.376 75
1.541 74
36.403 76
3.39 75
32.624 75
1.515 74
32.83 79
3.186 78
35.434 84
1.652 82
1.404 74
31.602 84
2.549 84
33.487 85
1.554 84
33.777 84
2.885 84
1.408 74
30.297 84
1.77 83
30.407 87
1.451 84
29.179 86
32.96 51
0.362 83
1.582 76
1.507 75
28.102 75
29.106 75
1.553 75
28.82 74
1.457 75
27.665 75
3.541 76
26.066 75
1.446 75
26.706 75
30.908 76
2.572 75
25.89 77
1.502 75
26.28 77
2.197 85
25.571 87
1.654 76
28.468 84
25.605 90
2.047 82
28.273 78
1.667 77
26.951 77
1.559 77
26.856 83
2.574 83
24.283 79
24.847 89
1.566 82
26.315 79
4.891 77
24.739 52
0.409 77
26.016 81
1.322 77
24.707 72
2.615 74
27.43 73
24.723 74
1.557 73
24.402 72
27.462 72
1.444 73
24.054 72
1.437 73
26.17 73
25.271 74
1.471 73
24.378 73
26.473 83
1.983 82
24.687 83
1.521 83
26.177 84
1.486 84
25.713 83
26.824 93
1.65 92
23.451 83
24.58 83
1.927 82
23.536 72
1.53 73
23.843 50
0.373 72
24.366 74
1.888 74
23.152 74
1.562 73
23.651 74
24.366 73
2.101 74
23.372 73
1.603 73
24.182 73
23.327 74
1.441 72
23.6 75
24.983 73
23.488 74
1.509 74
24.779 74
24.131 74
1.519 74
23 72
25.423 74
2.07 74
23.631 74
1.337 74
24.436 74
23.788 74
1.916 74
23.634 78
1.342 79
25.383 78
24.236 79
2.175 83
24.735 51
0.371 92
1.471 82
24.651 83
25.381 91
1.403 81
27.047 82
28.468 92
1.973 81
27.524 82
1.969 82
25.956 83
1.649 82
26.902 83
1.476 81
26.672 83
26.732 90
1.435 82
23.823 84
1.575 83
25.47 83
24.702 89
1.36 77
23.609 78
25.052 81
2.22 75
23.815 78
1.611 78
24.647 83
24.121 93
2.174 83
24.641 85
1.587 83
24.666 52
0.393 80
24.67 89
1.619 84
26.372 83
27.204 88
1.532 78
26.939 86
1.968 84
25.228 84
1.354 84
28.486 81
1.545 79
26.332 87
26.654 85
1.49 76
26.307 74
1.346 74
29.234 84
2.543 84
28.365 74
1.528 75
26.727 74
28.666 84
2.555 82
28.611 73
1.469 73
30.113 79
2.244 78
28.843 85
1.357 82
33.328 81
1.339 79
30.034 52
0.558 74
2.277 74
30.98 74
1.514 73
28.242 75
2.018 74
34.796 80
1.46 78
1.399 74
27.711 79
1.656 79
27.61 74
30.93 75
1.608 74
27.777 75
2.047 74
26.666 74
1.428 74
27.48 75
1.386 74
29.216 74
27.191 74
1.57 74
25.138 74
1.493 74
25.276 74
28.53 81
1.629 79
24.366 82
1.319 78
25.696 81
25.835 84
1.338 79
27.054 52
0.373 81
1.477 80
24.949 74
25.701 75
1.451 74
24.553 75
27.032 82
2.001 83
25.747 84
1.502 83
23.52 82
1.305 86
24.816 84
26.228 93
1.919 83
22.358 85
23.848 94
1.904 82
21.421 77
21.42 84
4.397 77
21.203 73
21.586 72
3.364 72
22.924 72
22.407 75
1.864 74
24.984 74
23.861 72
1.819 74
21.711 73
23.239 74
2.483 74
20.725 52
0.527 77
23.287 75
1.753 74
21.271 74
20.945 74
21.892 73
1.918 73
20.376 73
21.663 75
20.367 73
3.256 72
20.017 71
19.538 72
20.382 71
2.288 71
19.734 74
19.41 74
19.635 72
20.231 74
2.289 74
19.1 74
18.954 74
19.329 75
1.571 72
18.659 72
19.11 72
19.401 73
17.3 72
17.771 73
17.913 72
18.989 81
1.614 81
17.31 52
0.414 84
16.905 82
18.365 77
16.978 76
15.25 72
15.789 72
15.733 72
16.138 73
15.724 73
15.656 72
15.107 79
14.11 77
19.52 84
15.67 92
18.096 83
16.678 83
16.365 91
20.238 81
19.933 84
23.527 91
24.045 91
2.001 80
21.616 81
1.742 80
22.736 83
22.747 86
1.661 77
22.094 74
23.286 75
1.822 74
21.362 74
23.053 79
2.429 77
23.015 52
0.366 72
21.83 74
1.59 73
23.45 81
23.164 83
1.709 80
22.792 74
22.559 75
1.793 74
23.073 74
22.564 73
1.849 74
22.519 73
21.763 74
2.499 78
21.117 78
23.071 78
1.753 78
21.065 79
22.236 89
22.073 92
1.778 84
20.17 85
21.587 85
21.376 78
1.892 79
19.926 84
21.501 92
1.538 82
21.026 82
21.544 92
20.256 51
0.399 83
20.591 83
1.855 83
20.386 85
25.145 93
22.843 93
1.841 84
24.296 84
2.26 83
22.975 83
22.559 92
1.685 81
28.113 78
2.356 78
21.842 79
23.329 78
1.65 75
22.149 82
22.538 81
25.781 73
1.781 79
22.504 77
1.55 73
22.538 84
22.979 93
25.324 91
1.834 84
22.638 84
2.399 83
20.248 83
20.951 93
21.256 90
1.844 82
22.544 52
0.38 83
20.404 83
20.968 85
1.837 84
20.267 74
19.605 78
23.103 87
1.678 83
18.018 74
19.85 86
19.125 93
1.683 84
17.733 85
19.114 86
17.723 80
18.307 85
17.681 78
17.409 87
16.346 95
16.246 84
4.945 83
16.421 83
16.448 83
13.333 83
13.669 84
16.095 84
15.594 83
15.646 93
16.613 83
16.756 79
17.413 89
15.656 84
15.676 84
12.83 51
3.748 84
15.58 84
18.558 88
15.624 78
15.752 84
16.473 93
15.64 84
18.581 79
15.735 80
15.452 85
16.731 95
15.506 83
19.48 84
15.864 94
15.403 83
16.624 83
15.81 83
18.573 78
15.57 88
15.429 83
16.603 78
19.126 81
20.764 77
19.173 74
17.733 75
18.157 74
1.756 75
18.787 74
23.685 74
18.741 84
19.247 93
6.366 82
19.384 51
0.373 84
1.535 83
20.387 85
22.396 93
1.911 85
20.314 75
20.316 80
21.292 84
19.747 86
1.623 79
20.349 85
23.119 83
19.391 83
1.576 82
21.592 85
17.735 93
17.468 84
16.813 78
17.003 89
1.23 84
19.329 83
17.602 83
16.997 84
18.118 92
17.513 84
21.09 84
1.571 85
16.782 83
15.126 83
15.154 84
16.707 94
16.44 83
14.929 84
14.749 51
1.741 82
15.599 86
18.597 93
16.691 83
16.259 84
16.134 93
17.984 81
17.187 79
16.548 87
16.337 83
17.031 83
15.12 83
16.314 74
16.118 74
16.307 74
17.135 75
16.743 74
18.653 74
16.261 74
16.502 74
15.681 74
17.74 75
1.892 74
16.272 75
16.305 74
16.718 75
17.127 75
17.51 74
17.256 78
17.377 79
16.36 84
16.937 94
16.184 52
0.38 85
17.499 85
16.368 93
16.309 84
17.525 84
2.282 84
18.037 84
22.988 94
1.557 83
26.309 86
25.929 94
2.541 84
26.081 75
2.232 75
22.455 74
22.597 75
2.25 74
21.337 75
20.621 74
21.01 74
1.631 74
22.748 75
17.648 75
16.693 76
17.489 75
17.922 75
1.963 75
16.28 75
16.545 75
17.543 75
16.667 74
17.934 87
17.72 94
16.877 51
0.364 85
16.653 85
17.113 90
20.033 80
2.86 82
17.511 79
17.371 81
17.926 83
2.706 47
15.914 81
18.845 81
17.369 84
17.763 80
18.185 81
2.021 79
19.844 81
18.686 85
17.214 80
17.596 86
1.688 86
18.288 78
22.72 82
17.242 77
16.667 74
17.48 72
17.431 73
17.109 72
17.203 72
21.476 73
1.977 74
17.351 72
17.309 74
18.169 73
22.48 51
0.977 73
1.835 72
27.901 72
1.541 72
23.157 73
24.684 73
2.125 74
23.957 73
1.573 74
27.193 74
1.542 74
28.204 76
2.507 76
28.099 81
28.298 90
1.783 82
30.626 83
3.036 83
28.658 77
1.585 77
29.417 76
1.946 75
31.055 81
1.555 78
1.354 73
28.587 72
30.263 81
2.515 81
29.061 73
1.653 72
32.515 72
2.545 71
1.409 72
28.06 51
0.383 76
1.553 76
30.437 72
1.586 72
31.413 78
3.162 80
28.885 73
1.609 74
28.317 79
30.403 80
1.936 75
30.439 75
1.76 74
30.051 79
2.526 79
27.603 75
1.589 74
30.827 79
1.458 78
27.575 74
2.928 73
28.045 83
1.679 80
27.618 80
31.43 84
1.794 80
27.318 82
1.457 83
28.327 83
2.564 82
29.271 52
0.367 84
1.614 84
28.372 85
2.305 84
26.918 78
1.644 79
28.25 82
1.648 84
32.975 82
2.457 83
32.967 77
1.479 77
37.646 83
2.059 84
1.646 74
34.485 80
1.486 78
33.482 83
2.01 81
32.331 82
1.475 82
1.702 75
34.935 85
1.684 86
32.183 82
3.859 92
32.454 91
1.621 82
32.159 77
2.562 77
32.545 82
1.75 92
32.699 91
2.078 84
2.672 73
32.612 52
0.37 77
1.69 77
34.171 83
1.784 80
33.12 78
1.393 77
1.465 73
35.204 77
1.528 77
34.312 78
2.947 77
34.004 72
1.558 73
35.395 72
2.315 72
33.315 72
1.402 72
1.592 72
34.936 73
2.307 72
34.8 74
1.449 72
34.452 73
1.972 72
1.322 72
38.933 72
1.503 73
33.928 72
1.901 73
1.513 73
34.369 51
0.578 73
1.439 73
33.797 72
1.906 72
1.394 72
34.043 72
1.303 72
32.642 74
1.479 75
32.724 74
3.014 74
32.909 74
1.444 74
31.764 73
2.474 74
32.165 74
1.685 74
28.812 74
2.164 74
29.175 75
1.493 75
28.057 78
1.491 78
28.201 77
2.351 77
25.846 76
1.599 77
26.338 77
2.368 76
27.013 83
28.537 86
1.523 76
29.254 73
1.572 72
27.746 51
0.368 72
29.242 72
1.492 72
27.912 72
1.872 73
29.27 72
1.808 73
28.803 73
1.708 73
29.883 72
2.288 72
29.187 71
1.54 72
29.729 82
1.846 82
30.871 76
1.654 77
30.095 78
1.358 78
30.271 73
2.388 74
29.609 73
1.305 74
32.471 75
2.065 75
29.445 75
1.649 75
29.091 74
1.442 75
33.043 80
2.927 79
28.886 51
0.361 75
2.337 76
29.345 77
1.864 77
32.173 76
1.668 77
27.496 77
1.638 78
28.71 77
3.189 77
27.668 81
1.732 82
30.553 81
2.946 81
28.775 82
1.565 82
29.507 82
2.381 83
30.865 82
2.392 83
28.968 72
1.542 73
27.666 72
1.597 73
28.438 78
2.364 78
33.955 84
1.587 84
33.639 83
2.128 82
31.127 79
1.385 79
34.734 51
0.372 83
1.552 83
1.496 74
32.481 84
2.913 81
32.705 84
1.773 82
33.144 83
2.574 82
28.749 81
1.504 80
26.932 78
1.545 77
29.292 83
35.887 90
1.769 92
28.822 85
2.172 77
1.657 73
27.213 78
1.676 77
29.338 74
26.135 73
2.672 74
28.835 78
1.746 78
25.641 72
2.39 73
27.173 72
1.954 73
23.85 72
26.438 78
2.289 77
23.314 52
0.397 73
1.583 73
26.328 78
2.188 77
23.972 74
24.878 73
1.837 78
23.738 77
23.25 82
3.803 82
22.852 83
23.828 81
1.555 74
21.709 74
23.941 74
2.569 73
23.474 73
21.604 73
1.714 74
23.483 73
22.32 74
1.731 73
20.924 74
20.544 74
20.692 74
24.946 74
1.906 74
24.085 73
1.705 74
21.219 74
22.291 74
21.275 51
0.378 74
1.734 74
19.813 74
20.734 74
21.439 72
19.413 74
1.906 73
19.239 74
18.377 75
19.378 75
18.521 75
17.286 75
18.843 74
2.088 75
17.361 74
16.644 75
16.481 79
16.437 84
17.75 89
17.203 84
16.366 82
16.011 83
17.632 77
1.794 78
15.726 80
16.132 81
16.251 77
16.2 81
16.579 77
16.22 83
16.822 81
15.065 83
15.074 92
15.403 82
16.473 51
0.484 82
21.135 92
29.574 91
1.608 84
27.869 81
2.141 83
26.295 83
26.984 93
1.698 83
24.772 83
2.425 81
26.181 84
22.261 87
1.41 78
23.197 82
22.979 87
1.549 78
21.294 74
21.98 73
1.972 74
21.939 83
21.377 83
22.105 83
2.651 83
24.937 84
25.394 93
1.508 84
26.636 87
1.366 84
26.741 84
2.672 92
28.069 51
0.397 88
1.735 78
26.327 84
27.592 87
1.355 80
26.387 80
1.557 81
27.372 76
2.088 77
25.578 75
1.564 75
25.564 74
2.053 75
26.273 75
27.777 75
1.826 75
25.773 83
1.887 83
31.433 77
3.166 76
33.068 77
1.775 76
29.799 83
2.159 82
26.755 78
1.455 78
26.382 86
1.61 84
30.065 84
2.857 91
27.33 88
1.866 77
27.229 83
29.279 52
0.474 83
2.633 75
28.131 79
1.584 80
27.125 78
1.906 79
27.488 83
1.442 83
29.144 83
1.862 87
27.84 83
2.459 79
23.694 80
25.216 89
1.444 82
26.32 84
1.708 84
23.92 84
25.769 92
24.131 93
1.626 82
29.134 76
2.871 75
24.494 75
1.586 75
25.526 76
27.459 74
2.527 75
27.663 75
1.506 75
28.098 75
2.254 75
25.047 51
0.365 75
1.638 76
26.713 74
28.541 75
2.097 74
27.014 75
1.418 75
25.256 75
1.447 75
25.098 85
5.606 84
25.107 84
1.62 83
26.356 86
26.821 93
2.491 84
28.182 83
1.757 83
25.325 83
25.477 93
3.393 81
26.86 81
1.77 79
25.925 84
1.586 84
22.742 84
21.992 87
21.074 89
1.831 83
20.161 85
20.798 83
17.618 84
17.184 51
0.409 93
17.815 92
3.142 80
15.557 75
16.014 83
19.202 89
15.731 78
17.573 78
17.257 89
16.771 84
15.849 83
15.27 83
18.496 83
18.268 93
15.406 83
15.48 85
15.826 93
16.894 85
16.943 80
18.697 85
17.693 79
2.018 76
16.388 84
16.327 94
14.76 85
19.166 84
14.712 82
15.638 87
17.091 95
15.25 83
15.52 84
16.486 93
17.874 82
16.406 51
0.368 84
18.455 91
17.28 83
21.297 84
28.788 94
1.86 84
31.369 80
1.763 78
30.305 79
2.275 77
29.724 85
1.883 82
28.51 85
1.961 82
31.121 84
3.501 84
27.707 81
2.007 89
30.053 90
2.533 78
1.804 75
29.017 80
1.768 80
28.131 73
1.948 74
27.433 72
30.619 74
1.97 84
26.932 91
2.268 80
27.288 81
1.811 81
27.637 51
0.529 83
1.65 81
28.197 82
2.685 80
25.833 74
30.144 83
1.768 82
28.479 84
4.412 95
31.034 93
2.131 84
32.178 85
2.997 84
1.944 75
29.54 84
2.153 84
29.32 78
2.619 77
31.577 85
2.096 81
27.857 84
2.55 81
35.073 84
4.251 84
2.4 76
3.093 47
36.127 75
2.604 76
2.745 76
33.265 85
4.098 83
35.403 75
2.502 75
33.362 51
0.374 86
3.936 83
34.595 86
2.554 82
2.558 76
34.141 83
3.88 84
32.732 84
2.524 83
36.688 84
3.119 83
2.378 75
35.415 86
2.533 85
2.363 75
36.288 85
3.655 85
34.727 80
2.595 80
2.645 74
35.253 86
6.521 83
36.734 79
2.501 79
2.82 75
36.836 80
6.486 80
34.715 81
5.367 80
2.588 74
35.247 84
3.832 83
38.142 51
0.399 86
2.613 85
2.481 75
38.672 84
3.971 84
2.526 74
35.048 78
2.43 78
35.09 79
3.655 78
32.857 86
2.377 83
2.447 74
28 81
3.366 83
27.418 85
2.565 84
33.275 86
2.935 86
27.888 84
3.513 85
30.311 83
2.457 83
37.71 85
3.32 84
27.469 84
2.417 83
25.808 86
2.884 86
25.485 83
2.548 83
25.506 83
2.549 83
22.693 82
20.442 51
0.374 91
2.624 81
22.363 80
19.608 82
22.995 78
4.147 75
20.624 84
22.925 83
3.017 74
21.157 72
21.824 82
23.563 90
2.622 81
23.426 83
3.495 84
19.63 83
20.203 93
28.83 91
2.718 83
20.495 83
3.389 83
21.608 78
20.22 78
20.736 78
3.382 78
24.465 74
2.605 75
19.891 74
25.352 78
3.339 78
25.868 84
2.789 82
25.457 51
0.405 80
2.869 78
24.724 80
26.784 82
4.804 83
25.698 78
2.975 75
27.912 73
3.818 74
24.785 74
26.709 79
3.031 77
28.329 78
4.534 77
23.172 80
2.91 78
25.04 84
24.625 86
4.012 78
25.395 82
24.276 93
4.767 82
23.749 78
4.329 86
22.683 82
22.301 82
3.509 83
24.934 81
4.596 81
23.153 82
19.644 91
1.586 80
21.523 83
22.145 51
0.38 90
19.862 92
1.355 83
20.929 75
19.842 74
20.22 75
21.25 73
1.546 74
20.182 74
18.997 75
1.523 74
19.242 74
20.401 74
19.124 73
1.923 72
19.145 73
18.241 72
18.702 73
21.044 75
1.942 75
19.523 75
18.67 75
18.554 74
1.341 75
21.914 74
20.491 77
19.416 75
19.555 75
1.39 75
19.927 76
21.354 75
19.337 76
18.312 52
0.398 75
1.417 77
19.108 75
18.816 75
18.436 75
16.656 76
15.816 74
16.702 75
18.352 84
16.709 84
15.803 73
17.392 81
16.787 89
15.892 83
16.099 77
16.282 78
15.309 82
16.389 87
17.355 78
15.877 83
17.451 91
1.254 83
16.804 72
18.508 82
17.77 90
16.806 83
18.786 82
17.349 93
17.703 83
16.666 85
16.968 83
16.693 75
17.378 51
0.417 78
17.264 89
1.298 82
15.221 74
15.651 83
15.926 84
17.322 73
15.425 74
15.262 74
15.732 79
17.547 81
16.729 78
16.114 74
15.334 74
16.474 73
17.417 75
16.534 74
15.645 75
15.61 74
16.651 74
17.631 74
15.708 74
16.463 73
15.634 74
16.636 74
17.599 80
15.672 87
16.503 83
15.741 82
16.461 84
18.564 85
15.643 84
16.591 73
13.695 52
2.281 74
16.26 74
17.736 74
15.408 74
16.725 75
15.664 74
15.445 74
14.612 74
14.796 74
16.668 74
15.509 74
15.65 74
18.519 74
15.665 74
16.568 80
15.738 77
15.536 85
18.546 92
15.587 83
16.616 84
15.59 93
15.306 82
15.219 86
16.701 83
17.881 86
15.253 94
15.702 83
16.515 84
15.491 84
15.169 82
16.755 89
18.985 78
16.129 51
0.366 85
15.557 94
15.353 84
16.232 80
16.861 78
1.889 78
27.529 79
1.36 75
24.901 75
24.271 77
2.489 77
24.508 77
1.303 77
25.617 76
24.233 76
2.277 75
26.205 76
1.381 75
24.684 75
1.443 75
25.889 76
35.009 75
1.308 76
1.232 76
32.175 76
1.333 76
38.752 74
2.686 74
35.981 74
1.15 74
37.226 76
2.25 75
1.429 76
40.962 51
1.337 80
1.444 84
1.301 79
37.918 85
2.576 83
40.209 86
1.131 84
1.35 76
39.29 80
1.255 80
1.429 75
37.371 78
1.528 77
1.28 74
38.276 73
3.516 74
39.497 75
2.948 77
1.302 74
37.905 74
1.291 73
1.322 74
39.327 73
1.976 74
36.161 73
1.431 73
1.327 73
36.799 79
2.319 77
35.885 84
1.26 81
1.104 75
36.87 82
2.261 82
35.342 51
0.382 82
1.539 82
1.15 72
35.286 81
2.212 80
31.096 81
1.152 80
32.133 81
1.337 80
31.759 81
2.677 79
31.19 86
1.329 83
31.937 84
2.106 82
35.295 85
1.193 85
31.231 86
1.362 83
32.794 86
2.551 83
35.289 84
2.043 83
34.486 85
2.403 94
1.175 84
39.523 85
1.271 86
38.49 78
2.192 79
1.153 74
38.672 51
0.371 75
1.282 75
41.837 76
2.071 75
1.127 76
39.226 76
1.304 76
1.403 76
38.171 75
2.518 75
40.707 76
1.262 75
1.388 77
39.827 75
1.415 77
1.122 76
41.106 75
1.556 75
1.286 76
43.364 76
1.216 76
41.275 84
1.982 95
1.277 84
40.455 85
1.407 85
1.246 75
40.055 83
3.483 84
1.144 72
37.404 74
1.426 74
36.1 52
0.363 75
2.17 75
1.362 75
36.938 75
1.383 76
37.832 75
2.293 75
41.467 75
1.306 75
1.293 75
35.525 75
2.261 75
35.502 76
1.292 75
1.155 76
36.484 75
2.137 75
34.924 75
1.185 75
35.055 75
1.96 76
1.241 75
36.341 76
1.268 75
39.902 84
2.406 84
1.336 75
37.63 84
1.619 96
1.439 83
42.125 85
1.892 82
1.128 75
45.88 51
0.391 84
1.278 83
1.143 74
41.486 79
2.19 78
1.146 74
42.693 74
1.377 74
40.493 80
2.425 80
1.102 75
40.675 80
4.301 79
1.124 76
40.683 83
2.693 84
41.141 86
1.456 85
1.116 73
42.801 84
1.432 83
1.185 75
39.601 83
2.029 84
1.256 74
41.577 79
1.207 77
1.314 75
38.25 85
2.448 84
35.398 84
1.347 85
1.189 75
37.495 52
0.952 85
1.998 82
35.354 79
1.309 77
34.616 74
1.641 74
1.218 74
37.824 74
1.337 74
34.937 77
1.638 77
1.095 73
37.668 74
1.321 73
1.109 73
38.093 75
2.206 75
35.068 74
1.297 75
34.796 75
1.235 75
37.032 75
3.127 75
1.248 75
34.05 75
1.22 74
35.202 75
2.467 75
36.544 80
1.402 79
36.392 51
0.371 74
2.028 74
33.924 74
1.181 73
1.225 74
37.798 74
1.857 75
34.578 74
1.375 74
35.031 74
4.185 75
1.183 74
35.077 75
1.439 74
36.012 77
1.775 76
1.181 76
36.691 76
1.473 76
35.246 74
1.868 75
1.158 75
34.406 75
1.29 75
37.92 77
1.637 77
1.393 77
34.378 85
1.25 87
33.07 76
1.201 77
34.495 85
2.749 86
32.177 51
0.841 78
1.43 78
1.195 75
33.086 77
2.548 76
32.054 77
1.298 76
33.261 75
1.994 75
31.677 75
2.062 75
31.937 82
1.861 80
32.523 79
1.275 77
31.64 77
1.428 77
32.106 77
2.111 76
33.246 82
1.314 80
1.227 76
32.065 80
2.087 80
31.262 83
1.358 83
31.958 80
1.797 80
30.385 85
1.386 84
32.148 83
1.283 84
30.312 52
0.38 86
2.444 95
32.672 92
1.132 84
34.523 85
1.662 84
1.605 76
1.555 47
36.332 85
1.233 85
43.997 86
1.711 94
1.297 85
41.129 84
1.34 84
1.163 75
38.802 84
2.47 83
1.306 76
37.656 86
1.348 86
39.084 84
2.159 84
1.318 74
35.454 74
1.411 74
36.768 74
2.084 73
36.025 75
1.166 74
1.278 75
36.04 75
2.215 75
35.984 51
0.497 75
1.206 75
36.311 77
1.599 78
1.482 73
35.218 78
1.392 77
34.873 75
1.632 75
6.281 75
33.724 79
1.29 80
36.124 83
1.755 83
1.09 74
34.645 83
1.296 83
35.391 84
1.702 83
1.353 84
34.798 92
1.241 84
33.993 79
1.169 79
35.062 74
2.328 74
33.73 78
1.147 79
1.208 73
38.359 75
2.908 74
34.2 74
1.225 74
34.261 51
0.37 74
2.032 73
36.541 74
1.112 74
1.49 74
34.272 74
2.063 74
35.913 76
1.288 77
36.524 74
2.322 75
1.163 74
34.65 75
1.453 79
36.78 91
1.815 85
1.312 75
37.492 84
1.314 83
37.262 79
1.677 79
1.104 75
39.734 79
1.341 79
36.902 75
1.607 74
1.263 75
38.232 85
1.301 85
1.078 76
40.365 84
2.277 94
37.708 51
0.391 94
1.274 83
1.219 75
38.455 85
1.877 84
39.835 83
1.289 84
1.054 75
37.006 80
1.973 79
40.431 76
1.224 75
1.313 76
38.182 75
2.195 75
36.691 81
1.171 80
1.442 75
41.228 84
2.033 83
36.253 83
1.431 91
1.069 83
38.272 75
2.029 75
40.599 74
1.075 75
1.292 74
37.559 75
2.058 74
37.061 74
3.572 74
37.694 51
0.356 75
1.677 74
1.402 75
37.067 74
1.379 75
1.153 74
40.474 74
2.072 74
37.932 74
1.312 73
1.109 74
37.388 79
2.155 79
40.263 79
1.258 79
1.091 74
38.202 74
2.188 73
37.103 78
1.117 78
40.355 74
1.495 74
1.307 74
38.062 74
1.14 74
1.19 73
39.61 75
1.852 74
37.325 75
1.32 74
37.983 75
1.601 75
1.191 75
36.286 51
0.363 74
1.232 75
38.904 74
1.697 74
1.078 74
36.66 74
1.187 74
1.238 74
39.797 74
1.847 75
38.936 74
1.115 75
1.216 74
36.964 74
2.007 74
38.092 74
1.087 73
37.959 75
1.786 74
1.061 75
36.889 74
1.274 74
38.946 74
1.625 74
1.113 73
38.227 74
1.138 73
36.525 75
1.489 74
1.227 74
37.467 74
1.159 75
37.15 51
0.36 73
1.599 74
2.067 74
37.121 74
1.087 74
1.12 74
38.702 75
1.989 75
37.122 74
1.12 75
37.382 74
1.836 75
1.041 74
38.449 74
1.235 74
1.084 74
37.04 74
2.141 75
37.59 74
1.447 75
37.923 74
1.672 74
1.112 74
36.946 74
1.208 72
37.595 75
1.644 74
1.078 75
36.656 75
1.275 75
1.282 75
38.402 75
1.971 74
37.492 51
0.51 75
1.114 74
37.307 75
1.802 75
1.118 75
37.299 75
1.094 75
1.284 74
39.137 74
1.829 73
36.754 74
1.271 73
49.71 77
2.141 76
1.172 77
1.315 75
37.706 81
1.316 80
37.881 86
2.295 88
1.659 80
41.393 86
1.221 84
1.331 77
42.339 77
1.211 77
1.202 78
43.732 75
1.615 75
1.404 75
45.134 76
1.287 75
1.347 76
45.115 52
0.376 77
2.085 77
1.224 77
46.988 76
1.195 76
1.755 77
43.596 76
1.405 77
1.11 76
45.028 77
1.917 77
1.137 77
2.044 77
42.617 77
1.357 76
1.296 77
43.274 86
2.543 86
44.603 85
1.139 84
1.433 76
42.455 87
2.456 84
1.179 77
48.412 81
1.681 81
1.508 74
38.343 83
1.205 82
1.408 75
30.689 84
2.079 83
31.193 78
1.265 77
27.779 51
0.376 77
1.23 77
32.717 82
31.044 81
2.044 73
27.031 75
1.723 74
26.98 75
1.13 74
27.852 74
1.158 74
30.557 79
2.065 78
27.368 83
1.248 81
27.413 79
30.332 82
4.101 79
27.407 75
1.211 75
28.398 74
1.419 74
27.578 74
1.542 75
30.422 74
1.391 74
28.202 75
2.1 75
28.692 74
1.274 75
28.834 75
1.233 75
30.14 51
0.522 74
28.504 79
1.393 78
29.582 80
1.804 78
29.617 80
1.081 78
28.378 74
1.189 73
28.014 72
1.912 72
28.505 78
29.266 77
1.271 74
28.489 75
2.052 75
27.578 75
1.41 75
27.858 84
4.873 93
27.067 92
1.248 83
23.337 83
1.322 83
21.321 84
16.559 84
16.012 82
17.763 81
14.157 83
15.257 92
15.126 81
14.487 79
14.338 50
0.819 78
16.666 79
17.708 84
16.534 80
15.564 80
15.733 80
16.478 84
18.582 88
16.566 78
15.661 75
15.634 75
16.554 75
18.596 74
17.551 75
14.593 75
15.63 75
16.628 75
18.582 74
16.597 74
15.615 75
15.643 74
16.605 80
18.595 78
16.509 80
15.625 83
15.644 80
16.628 85
18.561 84
16.617 85
15.77 96
16.493 84
16.015 84
20.3 51
0.387 93
23.906 95
25.714 94
1.142 84
27.643 84
1.698 84
25.991 78
1.333 78
26.713 78
1.16 78
27.416 76
26.507 76
1.368 75
27.223 75
1.136 75
25.694 75
1.263 75
25.98 75
26.153 85
1.291 84
1.168 74
26.767 81
25.666 83
1.25 80
25.664 76
1.57 77
26.403 80
1.566 90
24.582 82
28.417 81
1.588 80
26.508 85
1.29 84
27.635 51
0.489 84
1.355 83
30.477 85
2.386 83
37.262 85
1.491 92
41.837 91
1.883 79
1.391 75
40.059 85
1.143 85
1.128 75
41.891 86
2.325 84
1.111 75
38.894 87
1.343 86
38.663 80
2.145 79
1.066 74
37.685 78
1.627 77
38.062 82
2.313 80
1.273 73
37.611 73
1.191 73
39.104 72
3.19 74
39.144 82
1.42 82
1.585 74
37.567 51
0.404 73
4.034 73
39.103 78
1.75 77
1.421 73
38.265 72
3.458 74
1.746 73
36.434 73
1.675 73
40.58 73
2.624 72
1.593 73
37.065 73
1.462 74
1.602 73
36.604 73
1.565 73
41.234 78
1.558 75
1.461 74
35.938 77
1.594 77
1.482 73
69.137 83
2.141 83
1.481 76
1.422 74
1.515 75
35.598 80
1.645 80
67.772 51
0.373 83
3.215 84
1.382 74
1.713 74
36.529 76
2.415 77
1.59 75
66.105 75
1.563 74
1.547 74
1.596 74
1.686 74
38.704 73
1.596 74
1.591 74
41.19 80
3.134 79
43.917 79
1.377 79
1.882 80
43.848 84
6.867 80
2.048 74
44.281 75
2.264 75
1.942 75
37.632 80
1.908 80
1.87 75
38.426 75
2.737 75
35.343 75
1.784 75
1.766 75
33.408 51
0.395 76
5.957 76
31.881 75
1.823 77
33.215 75
2.32 76
1.719 75
29.567 75
1.839 75
31.107 75
1.779 74
27.14 75
4.563 75
24.701 75
26.731 75
2.392 75
24.511 75
1.616 75
23.626 74
1.81 76
22.58 75
23.876 77
25.757 76
