80.384 194
79.506 419
80.295 269
80.011 193
79.944 159
15.141 55
64.431 149
80.194 144
80.628 147
80.539 131
79.146 123
79.644 136
47.313 54
32.904 126
80.236 125
80.344 129
78.962 182
79.658 181
80.382 141
80.484 161
15.019 54
65.372 175
78.851 160
79.861 163
80.22 194
80.059 186
80.899 221
46.18 55
32.643 171
80.115 179
80.135 174
80.29 171
80.247 183
79.904 184
78.405 168
15.213 55
64.926 282
80.235 182
79.4 262
79.582 204
94.866 268
81.682 213
31.377 55
47.999 195
79.801 191
80.45 153
79.596 141
80.43 146
79.423 174
63.497 54
16.965 145
80.577 158
79.433 147
80.105 147
79.932 160
79.686 166
79.89 156
16.408 55
64.316 152
79.423 237
80.043 240
80.232 190
79.934 177
80.103 196
47.467 55
32.618 283
80.465 231
79.192 234
80.272 216
79.849 245
80.101 224
79.833 209
31.441 54
48.682 228
80.15 237
79.974 240
79.836 224
80.372 221
79.63 224
63.182 55
16.682 206
79.989 218
79.956 227
79.981 245
80.049 263
80.083 261
82.377 230
29.158 54
48.864 220
79.969 260
79.768 223
79.94 218
80.697 225
79.236 206
64.226 54
16.021 196
80.188 228
80.095 234
79.586 238
79.95 241
79.913 233
80.796 238
30.731 55
49.098 225
79.744 277
80.064 256
79.703 240
80.383 251
80.001 240
63.297 54
16.913 246
79.367 235
80.8 234
80.002 259
79.911 217
81.617 396
78.666 206
31.302 54
48.669 219
79.736 195
80.143 213
80.327 181
80.347 255
79.928 200
63.802 54
16.54 228
79.793 230
79.609 207
79.971 254
79.958 209
99.606 323
69.06 250
29.194 54
57.181 231
81.739 241
79.562 227
79.982 233
79.828 227
79.611 233
47.542 54
35.194 222
94.232 236
78.334 255
79.805 239
80.432 240
79.329 221
64.513 54
15.62 184
80.034 173
79.836 174
80.125 176
79.871 174
80.047 180
80.075 178
15.32 55
64.643 171
80.76 207
79.875 215
83.181 314
77.55 229
80.276 300
47.184 91
32.237 251
79.846 211
80.437 180
80.292 249
80.685 189
78.798 212
80.043 200
31.468 55
49.023 175
79.994 212
79.687 284
80.453 227
79.516 293
80.417 250
62.489 70
17.638 264
79.813 295
80.405 350
79.541 269
80.608 349
79.234 253
80.015 299
30.561 55
49.441 287
79.871 285
81.45 383
79.088 258
79.498 262
80.115 270
62.916 71
17.085 315
79.929 290
80.372 349
80.271 324
80.757 438
79.449 300
80.613 344
31.266 55
48.148 269
80.008 284
80.75 278
79.048 262
79.687 220
79.885 235
63.203 54
16.538 174
80.127 147
80.174 149
80.242 134
79.896 134
80.29 139
78.096 134
15.373 71
64.488 179
79.948 131
80.051 139
80.548 134
79.405 131
80.357 335
47.114 55
32.552 243
79.975 246
80.528 270
79.316 239
80.006 230
82.005 287
80.089 234
30.885 54
51.483 476
79.309 234
80.215 239
80.395 230
79.574 263
77.82 227
63.341 54
16.669 242
80.009 243
80.308 248
79.846 229
80.271 267
83.438 328
77.013 294
32.559 54
47.931 215
80.261 209
79.774 224
80.006 233
77.935 214
80.193 221
62.974 54
17.04 209
79.919 215
80.164 206
80.782 206
77.748 232
80.228 238
79.813 206
31.265 55
48.677 188
80.097 226
79.86 189
80.09 211
80.016 215
79.94 202
63.231 55
16.712 186
79.921 189
80.027 202
80.223 190
79.723 197
80.036 201
80.397 269
32.911 55
47.112 210
80.092 225
84.009 346
76.502 240
79.634 230
80.028 228
63.249 55
17.477 270
79.911 229
79.246 219
80.001 254
80.414 308
79.89 327
80.251 283
31.027 54
48.731 185
80.156 203
80.176 191
79.815 251
79.841 212
79.946 208
63.744 72
17.221 241
79.565 200
79.9 214
79.529 228
94.575 121
81.871 149
79.463 122
15.904 54
64.446 194
79.71 144
80.215 139
80.047 159
79.918 135
79.747 139
47.562 54
32.534 127
80.352 143
79.837 157
79.816 133
79.893 209
80.255 173
80.019 164
15.366 54
65.081 195
79.404 177
79.903 162
80.352 191
79.651 174
80.575 156
46.93 54
32.504 156
80.152 171
79.971 155
80.044 170
80.539 189
79.638 169
79.922 225
32.126 55
47.699 162
80.135 165
80.644 178
79.54 192
79.995 161
79.694 176
63.274 55
17.425 140
79.38 136
79.704 137
80.054 141
80.108 138
80.431 161
81.605 140
14.807 54
66.106 145
77.558 135
79.63 148
80.159 159
81.003 146
78.714 134
47.569 54
32.305 115
80.747 116
79.758 119
79.685 125
80.361 112
80.013 119
79.542 123
15.429 54
64.867 122
79.936 146
79.925 118
80.509 95
80.486 101
80.203 103
46.047 54
33.648 87
79.957 109
79.853 114
79.947 130
79.902 129
80.366 190
79.499 179
16.511 54
63.721 88
81.33 527
78.892 341
80.021 224
79.731 263
80.13 192
47.007 54
32.774 250
81.05 237
79.327 263
80.687 232
79.266 184
80.073 191
80.011 183
16.226 54
63.808 165
79.99 263
79.969 192
80.419 189
79.857 167
79.614 163
47.048 54
33.494 150
78.956 170
81.207 179
79.388 173
80.406 174
78.71 174
79.298 168
15.151 55
65.132 169
79.559 176
80.407 178
79.781 177
80.088 230
80.268 224
47.733 54
31.871 212
80.201 230
80.138 210
79.976 179
79.652 166
82.712 164
76.718 54
16.646 179
82.685 223
77.486 184
80.302 173
80.099 163
80.581 170
79.32 158
15.108 54
64.701 195
80.24 204
79.844 184
79.994 187
79.792 173
80.151 230
47.313 54
32.897 193
80.446 207
80.023 197
79.601 242
80.841 406
80.277 212
81.968 173
13.579 54
65.026 221
79.519 243
79.202 149
80.042 228
80.372 219
80.541 174
46.617 55
32.751 150
80.096 202
80.036 187
80.888 153
80.083 189
79.212 189
80.372 198
31.057 55
49.098 153
79.39 189
80.589 181
79.215 126
79.724 165
80.439 170
63.688 54
16.581 163
81.118 129
76.961 167
80.046 166
80.661 128
80.045 344
80.192 143
14.497 55
65.183 150
79.256 154
80.029 158
80.695 192
80.236 159
79.388 154
47.371 54
33.344 157
79.579 165
79.431 162
81.076 245
79.369 180
80.196 179
79.902 177
15.171 54
65.069 167
79.781 166
79.655 152
80.179 149
80.186 220
79.958 224
47.301 54
32.605 189
80.008 223
80.161 245
80.025 261
80.042 266
80.713 299
79.237 267
31.451 54
49.191 297
79.507 350
80.572 326
80.491 288
78.962 297
79.778 314
63.232 54
17.746 250
79.616 302
81.322 309
78.632 326
79.537 246
80.077 297
80.157 275
30.983 55
48.706 249
80.005 319
80.166 303
80.142 332
79.926 258
79.936 314
63.463 54
16.9 271
79.548 282
80.094 285
80.258 346
80.687 251
79.743 275
79.72 252
30.732 55
49.099 284
80.638 278
79.142 317
80.744 325
79.853 314
79.695 277
63.92 54
16.763 397
80.555 263
79.12 281
79.209 296
80.367 338
80.448 291
79.198 247
31.825 55
48.423 246
81.726 274
77.958 200
80.282 304
79.752 285
80.353 255
63.186 55
16.383 207
80.333 227
79.953 227
80.887 212
78.991 308
79.89 351
80.239 305
31.126 55
49.044 240
79.578 277
80.047 263
79.991 206
79.953 265
80.097 260
63.44 55
17.445 276
79.249 218
80.786 324
79.181 236
80.453 262
79.563 306
80.76 285
30.546 55
49.444 292
79.566 240
80.114 249
80.491 319
78.778 253
80.805 233
62.783 54
17.177 228
80.131 238
80.2 256
79.318 365
80.326 318
79.858 235
79.427 298
31.251 54
50.021 267
78.981 300
80.309 269
79.866 283
82.605 360
78.805 260
62.333 54
16.597 237
80.327 243
79.92 227
80.768 245
80.101 234
79.111 232
80.221 235
31.556 54
48.631 231
80.927 242
80.44 236
77.129 250
80.01 231
79.957 245
63.168 55
17.075 256
80.394 251
79.569 266
79.645 260
80.072 246
80.51 257
81.354 245
29.544 54
48.901 240
79.651 233
80.044 217
82.134 239
78.943 225
78.755 229
63.513 54
16.585 233
80.047 224
80.076 236
79.831 223
80.136 231
79.886 218
80.041 223
31.358 54
48.526 212
80.02 235
80.814 229
79.233 229
80.089 216
80.134 224
62.986 54
17.783 187
79.449 196
79.609 198
80.588 195
80.423 308
80.357 203
79.017 205
31.597 55
48.809 247
79.535 263
80.296 263
80.567 256
79.34 255
80.142 272
63.298 54
16.762 264
80.093 264
79.982 292
79.635 307
80.255 282
79.673 275
80.653 393
46.836 54
33.583 312
79.166 291
80.454 290
80.467 312
79.355 299
81.256 301
78.848 259
31.307 54
48.351 265
80.269 266
80.092 396
80.494 306
79.705 347
80.133 311
62.77 71
16.757 296
80.426 300
80.124 270
79.325 260
79.959 273
80.288 360
79.897 418
47.087 72
32.576 321
80.156 358
80.174 382
81.138 402
79.361 396
80.667 418
78.564 378
47.463 55
32.691 335
79.92 371
81.024 449
80.527 392
78.058 301
80.309 182
79.716 177
15.33 55
64.724 172
79.935 207
80.511 197
79.854 480
81.233 347
79.201 316
47.798 54
32.981 317
78.657 263
79.973 291
80.499 340
79.949 318
79.748 300
80.324 280
30.759 72
48.879 257
80.353 289
80.119 393
79.802 367
80.295 299
79.817 307
63.312 73
16.417 273
79.996 269
81.002 258
79.354 264
79.606 273
79.948 283
80.272 322
31.478 54
48.961 284
79.259 424
80.364 302
79.806 323
80.16 281
80.52 343
62.283 54
30.457 319
82.469 360
80.892 302
79.882 326
79.062 155
80.011 135
79.987 96
15.505 54
64.552 131
80.526 158
79.161 95
80.175 129
79.866 129
79.951 94
47.534 54
32.427 138
80.257 140
80.634 280
79.532 221
79.711 216
80.143 176
79.713 182
15.536 54
65.056 189
79.592 185
79.856 215
80.109 182
79.874 180
79.939 228
48.293 54
31.838 220
79.906 212
80.283 221
79.989 239
79.916 206
80.442 210
79.549 233
31.439 54
48.505 216
80.516 216
79.796 201
80.038 223
79.482 218
80.161 219
63.175 54
17.21 209
79.629 216
80.517 260
79.662 237
80.12 231
80.262 230
79.668 291
31.469 54
48.738 270
80.604 272
79.055 219
80.96 202
78.867 173
80.831 203
62.665 55
16.669 179
80.687 178
79.52 189
80.402 214
79.709 182
80.229 318
79.434 231
31.438 54
50.399 252
78.293 285
80.719 227
79.752 359
80.355 293
79.71 248
62.883 54
17.42 405
79.462 302
80.536 368
79.163 300
80.577 303
79.458 273
80.809 312
31.216 55
48.954 293
81.124 290
77.918 184
81.013 203
79.914 221
79.92 291
63.043 90
16.777 240
80.195 254
79.707 206
80.115 267
79.789 384
81.179 226
78.433 277
33.268 101
48.66 327
79.024 173
80.41 201
80.523 220
80.463 227
78.587 176
63.243 54
17.372 231
79.394 262
81.2 308
79.754 242
80.359 243
79.347 230
80.931 264
30.392 56
47.681 245
79.916 262
79.642 274
81.446 257
79.103 237
85.266 326
59.684 55
15.889 197
80.114 227
79.998 204
80.304 184
80.978 197
79.522 192
81.515 236
30.109 54
48.954 220
80.563 202
78.092 186
79.435 189
80.218 185
79.924 194
63.67 54
16.4 186
80.136 204
79.577 199
79.92 196
79.729 184
80.742 218
79.286 166
15.391 55
80.917 168
65.725 160
76.749 187
80.266 191
79.505 252
80.193 190
47.198 54
32.613 210
80.251 188
79.781 186
79.967 158
80.243 190
81.598 225
78.879 209
30.868 54
48.593 174
80.899 232
79.523 233
80.2 242
80.201 264
79.425 273
63.532 54
16.365 220
80.019 222
80.787 339
82.406 334
77.443 209
81.788 259
77.816 193
31.992 54
48.112 194
80.255 165
80.035 249
79.862 186
